00000001.jpg 23 93 8 28 60
00000002.jpg 72 44 93 79 48
00000003.jpg 93 48 72 60 26
00000004.jpg 48 72 20 69 84
00000005.jpg 26 93 11 75 23
00000006.jpg 48 93 72 79 44
00000007.jpg 93 78 60 48 52
00000008.jpg 48 93 0 72 80
00000009.jpg 20 68 48 93 94
00000010.jpg 48 41 0 15 78
00000011.jpg 93 48 72 87 60
00000012.jpg 68 20 48 72 41
00000013.jpg 48 94 85 20 79
00000014.jpg 41 66 44 48 78
00000015.jpg 93 20 68 44 72
00000016.jpg 48 72 93 0 20
00000017.jpg 72 93 3 48 41
00000018.jpg 41 66 72 47 20
00000019.jpg 72 68 11 48 20
00000020.jpg 48 93 60 72 20
00000021.jpg 44 48 72 41 85
00000022.jpg 20 48 68 85 36
00000023.jpg 23 93 2 68 48
00000024.jpg 11 68 48 72 20
00000025.jpg 72 85 2 41 47
00000026.jpg 93 72 67 66 47
00000027.jpg 48 20 85 60 93
00000028.jpg 44 68 94 60 69
00000029.jpg 93 20 72 94 79
00000030.jpg 48 49 36 28 84
00000031.jpg 93 85 60 75 48
00000032.jpg 23 48 93 77 72
00000033.jpg 48 68 20 93 72
00000034.jpg 93 75 78 44 79
00000035.jpg 48 41 39 72 60
00000036.jpg 68 48 2 52 93
00000037.jpg 48 68 94 78 42
00000038.jpg 20 2 44 48 93
00000039.jpg 93 77 23 87 60
00000040.jpg 23 2 41 60 67
00000041.jpg 93 2 72 23 85
00000042.jpg 72 93 41 0 79
00000043.jpg 20 48 93 79 2
00000044.jpg 68 48 60 93 52
00000045.jpg 94 4 93 36 68
00000046.jpg 68 20 94 48 60
00000047.jpg 60 48 8 20 93
00000048.jpg 93 72 20 48 68
00000049.jpg 93 48 7 87 39
00000050.jpg 93 60 2 20 44
00000051.jpg 48 41 85 20 67
00000052.jpg 93 94 72 10 91
00000053.jpg 93 72 48 20 42
00000054.jpg 72 48 44 75 84
00000055.jpg 93 20 68 32 48
00000056.jpg 93 72 75 36 68
00000057.jpg 41 85 91 48 2
00000058.jpg 93 48 60 68 44
00000059.jpg 82 60 2 0 23
00000060.jpg 93 94 84 68 60
00000061.jpg 44 93 72 82 68
00000062.jpg 48 72 0 10 20
00000063.jpg 20 48 23 93 67
00000064.jpg 93 87 77 48 26
00000065.jpg 28 94 82 41 72
00000066.jpg 48 93 68 2 67
00000067.jpg 93 2 68 60 20
00000068.jpg 48 26 93 60 94
00000069.jpg 36 60 20 48 23
00000070.jpg 7 11 93 23 48
00000071.jpg 2 93 67 20 44
00000072.jpg 94 68 48 44 93
00000073.jpg 93 72 32 15 48
00000074.jpg 85 69 44 36 60
00000075.jpg 48 68 60 20 52
00000076.jpg 75 20 94 68 48
00000077.jpg 20 48 8 85 75
00000078.jpg 94 0 48 72 40
00000079.jpg 20 41 69 68 0
00000080.jpg 48 93 0 30 72
00000081.jpg 94 48 72 20 68
00000082.jpg 60 68 85 20 94
00000083.jpg 44 0 60 72 93
00000084.jpg 93 72 2 0 44
00000085.jpg 60 7 93 0 84
00000086.jpg 28 99 78 25 72
00000087.jpg 0 41 48 94 20
00000088.jpg 79 93 94 52 41
00000089.jpg 77 20 44 93 75
00000090.jpg 93 48 68 20 72
00000091.jpg 23 48 93 20 7
00000092.jpg 36 93 72 12 48
00000093.jpg 93 20 44 79 71
00000094.jpg 93 23 48 72 60
00000095.jpg 93 50 41 60 72
00000096.jpg 85 48 36 72 20
00000097.jpg 93 72 60 44 91
00000098.jpg 93 48 72 80 94
00000099.jpg 48 67 2 72 75
00000100.jpg 85 52 60 47 36
00000101.jpg 20 79 41 70 72
00000102.jpg 91 85 48 94 44
00000103.jpg 93 72 32 94 60
00000104.jpg 93 60 48 2 20
00000105.jpg 20 68 93 72 94
00000106.jpg 60 48 7 93 44
00000107.jpg 93 48 72 87 60
00000108.jpg 36 48 0 2 53
00000109.jpg 68 52 41 20 93
00000110.jpg 93 72 48 87 68
00000111.jpg 93 72 82 79 2
00000112.jpg 84 52 60 41 72
00000113.jpg 93 72 48 0 44
00000114.jpg 93 48 67 20 94
00000115.jpg 20 60 48 93 68
00000116.jpg 93 82 48 28 20
00000117.jpg 60 0 20 48 72
00000118.jpg 93 23 60 48 7
00000119.jpg 94 93 72 48 44
00000120.jpg 94 48 93 72 60
00000121.jpg 94 75 79 48 44
00000122.jpg 48 85 60 30 87
00000123.jpg 48 36 93 52 68
00000124.jpg 41 0 91 78 48
00000125.jpg 93 68 79 11 72
00000126.jpg 67 93 48 2 20
00000127.jpg 11 48 28 66 72
00000128.jpg 12 44 2 72 66
00000129.jpg 94 93 68 60 48
00000130.jpg 93 48 72 68 60
00000131.jpg 48 93 72 41 79
00000132.jpg 20 68 48 93 50
00000133.jpg 23 2 12 82 20
00000134.jpg 68 20 41 2 47
00000135.jpg 77 7 48 44 85
00000136.jpg 72 48 20 71 85
00000137.jpg 41 85 69 47 2
00000138.jpg 20 68 48 93 72
00000139.jpg 93 48 87 85 77
00000140.jpg 30 48 94 85 68
00000141.jpg 93 72 84 44 2
00000142.jpg 72 68 82 41 23
00000143.jpg 93 67 20 7 60
00000144.jpg 93 48 20 72 2
00000145.jpg 84 66 12 67 47
00000146.jpg 72 93 36 48 41
00000147.jpg 93 48 60 46 8
00000148.jpg 48 20 72 93 41
00000149.jpg 93 72 23 60 2
00000150.jpg 20 93 41 42 69
00000151.jpg 79 93 48 70 39
00000152.jpg 93 68 78 32 44
00000153.jpg 93 48 72 87 8
00000154.jpg 67 68 48 72 93
00000155.jpg 93 72 42 48 85
00000156.jpg 72 44 48 0 68
00000157.jpg 15 69 93 2 23
00000158.jpg 94 48 68 41 78
00000159.jpg 93 85 2 44 60
00000160.jpg 94 66 93 48 44
00000161.jpg 72 48 53 93 91
00000162.jpg 93 2 60 75 68
00000163.jpg 60 20 15 93 68
00000164.jpg 60 48 72 41 80
00000165.jpg 48 20 93 72 44
00000166.jpg 48 20 94 68 42
00000167.jpg 44 93 30 48 77
00000168.jpg 41 78 91 72 67
00000169.jpg 48 41 93 0 44
00000170.jpg 93 77 48 87 7
00000171.jpg 68 69 48 2 20
00000172.jpg 48 93 72 94 20
00000173.jpg 93 94 48 7 60
00000174.jpg 94 60 20 48 2
00000175.jpg 67 2 68 44 75
00000176.jpg 48 93 75 70 36
00000177.jpg 93 48 94 87 72
00000178.jpg 60 7 77 93 82
00000179.jpg 93 60 68 72 52
00000180.jpg 44 93 11 80 82
00000181.jpg 93 60 94 48 91
00000182.jpg 48 93 20 75 14
00000183.jpg 66 41 48 82 72
00000184.jpg 93 44 48 60 87
00000185.jpg 75 93 20 48 39
00000186.jpg 93 48 72 85 84
00000187.jpg 72 41 52 94 44
00000188.jpg 93 48 71 98 72
00000189.jpg 48 93 72 44 68
00000190.jpg 93 72 91 76 7
00000191.jpg 68 93 48 44 72
00000192.jpg 93 72 87 66 77
00000193.jpg 48 93 72 94 2
00000194.jpg 93 48 72 60 41
00000195.jpg 44 93 48 75 69
00000196.jpg 48 44 93 20 2
00000197.jpg 93 20 10 82 48
00000198.jpg 93 72 7 48 60
00000199.jpg 20 93 48 94 85
00000200.jpg 93 85 2 48 36
